9.65, -5.22
9.77, -5.12
9.87, -5.03
9.97, -4.96
10.10, -4.85
10.19, -4.79
10.30, -4.72
10.41, -4.66
10.51, -4.61
10.60, -4.56
10.70, -4.53
10.81, -4.50
10.91, -4.50
11.00, -4.51
11.10, -4.54
11.21, -4.62
11.29, -4.71
11.36, -4.80
11.42, -4.89
11.47, -5.00
11.51, -5.12
11.55, -5.23
11.57, -5.34
11.60, -5.44
11.62, -5.53
11.64, -5.65
11.67, -5.78
11.70, -5.91
11.72, -6.03
11.74, -6.13
11.75, -6.24
11.77, -6.35
11.79, -6.47
11.81, -6.59
11.82, -6.71
11.84, -6.84
11.86, -6.96
11.88, -7.11
11.89, -7.25
11.91, -7.39
12.51, -5.07
