#logM Phi
9.65, -5.90
9.74, -5.81
9.84, -5.71
9.94, -5.61
10.04, -5.52
10.13, -5.44
10.25, -5.34
10.33, -5.27
10.43, -5.20
10.53, -5.13
10.63, -5.07
10.72, -5.03
10.82, -4.99
10.92, -4.97
11.02, -4.97
11.11, -5.00
11.21, -5.05
11.31, -5.14
11.38, -5.24
11.45, -5.35
11.49, -5.43
11.52, -5.53
11.55, -5.64
11.58, -5.75
11.60, -5.87
11.63, -5.99
11.65, -6.10
11.68, -6.22
11.70, -6.36
11.72, -6.49
11.74, -6.59
11.76, -6.71
11.78, -6.82
11.80, -6.94
11.81, -7.06
11.83, -7.19
11.85, -7.33
11.87, -7.45
12.51, -5.27
