9.63, -6.17
9.71, -6.06
9.78, -5.96
9.86, -5.85
9.96, -5.74
10.05, -5.63
10.14, -5.54
10.24, -5.44
10.33, -5.36
10.44, -5.27
10.55, -5.20
10.64, -5.15
10.74, -5.10
10.84, -5.08
10.94, -5.07
11.06, -5.08
11.16, -5.13
11.26, -5.22
11.35, -5.32
11.41, -5.42
11.47, -5.53
11.52, -5.65
11.56, -5.75
11.59, -5.86
11.62, -5.96
11.65, -6.06
11.68, -6.17
11.70, -6.28
11.73, -6.40
11.75, -6.50
11.77, -6.63
11.80, -6.75
11.81, -6.85
11.83, -6.96
11.85, -7.06
11.87, -7.19
11.88, -7.31
11.90, -7.44
12.51, -5.88
