9.63, -7.46
9.68, -7.35
9.73, -7.25
9.78, -7.14
9.84, -7.03
9.89, -6.93
9.95, -6.82
10.00, -6.72
10.05, -6.61
10.11, -6.51
10.16, -6.42
10.22, -6.32
10.28, -6.21
10.34, -6.11
10.41, -6.02
10.47, -5.92
10.55, -5.82
10.65, -5.72
10.75, -5.64
10.84, -5.58
10.94, -5.54
11.04, -5.53
11.14, -5.55
11.24, -5.61
11.33, -5.70
11.40, -5.81
11.46, -5.92
11.50, -6.03
11.55, -6.14
11.59, -6.26
11.62, -6.37
11.65, -6.47
11.67, -6.57
11.70, -6.68
11.73, -6.80
11.75, -6.94
11.78, -7.05
11.79, -7.15
11.81, -7.25
11.83, -7.35
11.85, -7.46
