9.66, -5.05
9.76, -4.98
9.86, -4.91
9.95, -4.85
10.05, -4.79
10.15, -4.74
10.25, -4.69
10.35, -4.65
10.44, -4.61
10.54, -4.58
10.64, -4.56
10.74, -4.55
10.84, -4.55
10.94, -4.57
11.03, -4.61
11.13, -4.67
11.23, -4.76
11.31, -4.86
11.37, -4.97
11.42, -5.07
11.47, -5.18
11.51, -5.29
11.54, -5.39
11.57, -5.49
11.59, -5.59
11.62, -5.70
11.65, -5.82
11.67, -5.95
11.70, -6.08
11.72, -6.21
11.75, -6.36
11.76, -6.44
11.78, -6.57
11.80, -6.68
11.82, -6.78
11.84, -6.91
11.85, -7.00
11.86, -7.11
11.88, -7.23
11.90, -7.36
11.91, -7.46
