9.64, -5.84
9.72, -5.74
9.80, -5.63
9.89, -5.53
9.97, -5.43
10.07, -5.34
10.17, -5.25
10.27, -5.18
10.36, -5.11
10.46, -5.05
10.56, -5.00
10.66, -4.97
10.76, -4.94
10.85, -4.94
10.95, -4.95
11.05, -4.98
11.15, -5.04
11.24, -5.12
11.31, -5.22
11.38, -5.32
11.43, -5.42
11.48, -5.53
11.52, -5.63
11.55, -5.74
11.59, -5.85
11.62, -5.96
11.65, -6.06
11.67, -6.17
11.70, -6.28
11.73, -6.40
11.75, -6.52
11.77, -6.63
11.79, -6.74
11.81, -6.86
11.83, -6.97
11.84, -7.09
11.86, -7.20
11.88, -7.34
11.89, -7.44
